初始点					         极小点		  目标函数值		迭代次数	   运行时间
[6.340544, 0.888908]	[1.000009, 1.000018]	0.000000		19			0.029119
[6.393631, 4.426515]	[1.000000, 1.000000]	0.000000		27			0.002961
[0.682783, 1.949488]	[1.000000, 1.000000]	0.000000		16			0.001046
[3.828171, 6.702548]	[1.000000, 1.000000]	0.000000		53			0.002609
[6.754220, 1.103292]	[1.000000, 1.000000]	0.000000		26			0.003102
[6.794149, 6.700169]	[1.000000, 1.000000]	0.000000		20			0.001095
[3.397630, 5.601963]	[1.000000, 1.000000]	0.000000		27			0.001299
[0.993204, 2.952329]	[1.000000, 1.000000]	0.000000		24			0.001167
[6.410149, 5.545451]	[1.000000, 1.000000]	0.000000		26			0.001455
[6.716447, 4.590185]	[1.000000, 1.000000]	0.000000		23			0.001132
