          初始点			   极小点			  目标函数值		 迭代次数	       运行时间
[-8.491293, -9.339932]	[1.691594, 2.861921]	0.478320		3001			0.113080
[-6.787352, -7.577401]	[1.008268, 1.021558]	0.002522		3001			0.109828
[-7.431325, -3.922270]	[0.957160, 0.914076]	0.002267		3001			0.104231
[-6.554779, -1.711867]	[1.018073, 1.041407]	0.002761		3001			0.104697
[-7.060461, -0.318328]	[0.975235, 0.955384]	0.002464		3001			0.105013
[-2.769230, -0.461714]	[0.999686, 0.999282]	0.000001		3001			0.103167
[-0.971318, -8.234578]	[0.990664, 0.982330]	0.000171		3001			0.103379
[-6.948286, -3.170995]	[1.047682, 1.097101]	0.002302		3001			0.103382
[-9.502220, -0.344461]	[4.042285, 16.307197]	9.363567		3001			0.104598
[-4.387444, -3.815585]	[1.012093, 1.026443]	0.000591		3001			0.102904
