1        2739236
2        112739.45697887662
3        97617.54699214951
4        5758.848598819338
5        67.37144774954427
6        16.99686073881248
7        6.390511740187819
8        4.746008169908004
9        4.942889592299434
10        5.726273020266813
11        15.550660392968666
12        4.45429950220981
13        11.35868792910308
14        5.928011334781015
15        10.530669680343227
16        5.433005516480608
17        6.408402159029355
18        7.543198477655178
19        10.128634301747347
20        5.887812709872379
21        8.60697064577183
22        3.613176247455956
23        26.845171067077665
24        3.2650796322484803
25        15.091041876358627
26        11.532944723585947
27        2.813288508138685
28        32.50949256965988
29        3412.391946516049
30        1315.1288716081308
31        20.499991470267098
32        0.2559784266567061
33        0.3346982920768934
34        0.22157162917061826
35        0.15048284515375948
36        0.5894983270160475
37        0.16687855572569812
38        0.2379769801812613
39        0.5198931141140972
40        0.12214282709684389
41        1.2682468258906634
42        0.09742381308192725
43        3.397254618184834
44        0.11960105747569985
45        0.9948728250317761
46        0.5731502590518264
47        0.41090170552931904
48        0.1934739574519891
49        0.41798058880277766
50        0.31347561509658345
51        0.24031794599655268
52        0.2777651110169126
53        0.1809826043632445
54        0.21704837169390068
55        0.1531280743472898
56        0.30527860721462946
57        0.16215057748924655
58        0.4577066768703056
59        0.14958876172709945
60        0.6847415559403295
61        0.09674181015292738
62        5.820055355712637
63        2.2876278316056995
64        0.15462073304584978
65        0.8007181828090488
66        0.37008245172583776
67        0.32074078522324434
68        0.5843768349806198
69        0.12286200076954104
70        1.1177316529872696
71        0.09276036738310281
72        15.244829289636964
73        0.22367892053006655
74        0.14525222057333917
75        0.47684858329759316
76        0.1474388739447449
77        0.1493047535555172
78        0.6662602242867073
79        0.22462883955019788
80        0.16815646131802503
81        0.3432429399937503
82        0.1253865261704014
83        0.30017869243259754
84        0.13296508183534117
85        0.530817179301326
86        0.20827615103725694
87        0.5020368121154323
88        0.2990720981215001
89        0.5151032165121003
90        0.11948292759048261
91        0.2122272103675006
92        0.32346597385665077
93        0.10177879912729337
94        0.8404160506337526
95        0.5377596806310477
96        0.30763272359709115
97        0.10988221771663789
98        0.6063093011469126
99        0.2025278627461967
100        0.27672073222114746
101        0.34485181836494927
102        0.21119371696390343
103        0.3774780638624047
104        0.15942765313124077
105        0.5220116132681001
106        0.08494067208055804
107        0.18276756017392257
108        0.5158965240134696
109        0.23490314612391616
110        0.10598183170163551
111        0.6278315931599323
112        0.12918046915972498
113        0.2082012094624133
114        0.40311237993181226
115        0.35249411126287505
116        0.21343209551467152
117        0.10856768392677255
118        0.3925582973867558
119        0.37769108706633153
120        0.1186612535606578
121        0.5024275701470352
122        0.6092826599919581
123        0.08953732903288174
124        1.6634004916526612
125        0.9474826302153478
126        0.16462475841047672
127        0.15254412645081897
128        0.47747970898906733
129        0.21538107692461902
130        0.2902999138133226
131        0.3160102488571774
132        0.11329108069882517
133        0.6438891161228102
134        0.1700737072635803
135        0.13464364397210796
136        0.26671994244677466
137        0.2257820714472393
138        0.15929530064589648
139        0.18531935717446232
140        0.18637780811053364
141        0.18268867577959344
142        0.42501429776189326
143        0.2045759941714788
144        0.42396840547323866
145        0.258645787079868
146        0.1153425306578969
147        0.29158833798286826
148        0.47400219374448666
149        0.2836181027357387
150        0.47498136745267094
151        0.5625544159812866
152        0.1697316330536368
153        0.36527124012789003
154        0.09272815718522863
155        0.5325950485437242
156        0.21553695319239657
157        0.5023792238012786
158        0.11670335243177013
159        0.38082901047770396
160        0.5576572527686726
161        0.08108127633106024
162        5.8649533902423565
163        0.08365152576805009
164        1.0889657596798594
165        0.17419973337596786
166        0.3636525144642435
167        0.15637763889452114
168        0.24820037092186692
169        0.11009232520996391
170        0.24460103206443892
171        0.09612549330068691
172        0.6810318701110903
173        0.0842778029690431
174        1.078216359175626
175        0.40110287460792904
176        0.43121300378358973
177        0.11123171098691086
178        0.438652662168632
179        0.14576560186425055
180        0.44466538159912344
181        0.11348237544294033
182        0.6676379908335505
183        0.1744532394142872
184        0.1349293841795682
185        0.1838218981418176
186        0.23267916251321794
187        0.09933388040519014
188        0.3179430149376926
189        0.10032624110558146
190        0.5787292071424366
191        0.07965891225184536
192        1.6958345032546571
193        0.07660690577315495
194        10.189552545310748
195        0.70038406151338
196        0.07638399921441788
197        5.474138335173603
198        1.5713837953677496
199        0.7369624292520632
200        0.11959466543934899
201        0.20954052424476902
202        0.09364110624651291
203        0.6566097278920142
204        0.583055867730703
205        0.6424472289798979
206        0.5417259537572173
207        0.07421549810930196
208        12.151434636420499
209        0.16929064485451203
210        0.10938325293215945
211        0.18903711993167066
212        0.3925533732716692
213        0.07840319962030602
214        1.1749367931787567
215        0.13964801731252086
216        0.2876614731422827
217        0.16866588874539326
218        0.2841725579494277
219        0.08835332583903005
220        0.8978678429845854
221        0.07147528871416374
222        28.332510415586327
223        0.3261322631208389
224        0.4321738703600827
225        0.07200191909831817
226        1.4816253195144742
227        0.26368808296752777
228        0.09051028813792807
229        0.3203118040573665
230        0.3193218943616256
231        0.10132173438681324
232        0.4277475161137886
233        0.09999590238801609
234        0.5176623785247381
235        0.26453179209226385
236        0.10376651162502766
237        0.1575617433130288
238        0.38591284266995074
239        0.3652998969533601
240        0.11849700693683804
241        0.3517802668899547
242        0.08277580881854284
243        0.5183933087697497
244        0.15051424454961054
245        0.28678944438547815
246        0.08477319492554693
247        0.34968278433826977
248        0.1653141183146865
249        0.22138987562098655
250        0.31985063089827515
251        0.07147188876537086
252        1.81555523523229
253        0.06596765494355417
254        51.30397853815135
255        0.13071436060396333
256        0.27681553692047417
257        0.08359921080741506
258        0.1819112617076517
259        0.30108068643022134
260        0.09698173916135275
261        0.27013537059515247
262        0.12763553160398405
263        0.18563554292750295
264        0.06924821253913635
265        0.43299717420319994
266        0.06610330401721208
267        0.570870866485305
268        0.05899019553132809
269        2.2987541207796767
270        0.8090464614155182
271        0.3341464121793645
272        0.0841636328151179
273        0.15261186932148457
274        0.07503284948284981
275        0.5453853047087847
276        0.0632219336648693
277        0.8030051660133142
278        0.3594631307337832
279        0.13818526579644358
280        0.22008013141957536
281        0.27872413218417186
282        0.06444080822235976
283        1.157994306214245
284        0.343214505057906
285        0.1366334548285526
286        0.29824335555840686
287        0.344541013207583
288        0.08885934781435403
289        0.15532106752892566
290        0.37974020423197774
291        0.33670165191477525
292        0.2693505161764597
293        0.15724962159206768
294        0.15513795170502057
295        0.13887073472164857
296        0.14000230762456042
297        0.2863876730375582
298        0.1033254556461582
299        0.23314021418731418
300        0.14693689830038642
301        0.2222728512273533
302        0.08076836160107685
303        0.29451665143682765
304        0.0600401448038981
305        1.2873237638297526
306        0.5095389444495733
307        0.18879151991488297
308        0.10294432168180984
309        0.15332218252389748
310        0.10765955759801024
311        0.3932536855954777
312        0.1725507102083754
313        0.3713088466166209
314        0.1431315360526837
315        0.07410745476689988
316        0.6279748406444748
317        0.23672108954959276
318        0.1569255312343966
319        0.15265616413414493
320        0.37136685399280267
321        0.11279912041966064
322        0.3334966965314986
323        0.06950792191470247
324        0.33366957143476333
325        0.10630712708757332
326        0.21477513611525043
327        0.0724826282277249
328        0.3667714288995903
329        0.06051135543466603
330        0.9888526413047408
331        0.13406644327452413
332        0.3043797518605695
333        0.07443205426146957
334        0.33768522973882587
335        0.14638280296856854
336        0.1446744708999519
337        0.3512384869986672
338        0.13527868926173126
339        0.10081208107516136
340        0.22784378765679245
341        0.062312005638529046
342        0.8287238332752003
343        0.3044642243194934
344        0.3174262842070637
345        0.15266845190072023
346        0.18089615766443334
347        0.0689552218329338
348        0.4268132183367555
349        0.2008528171908032
350        0.2881289166116386
351        0.15604308220410246
352        0.13686909849154388
353        0.08332389049197393
354        0.25179676640952264
355        0.34738177616171373
356        0.06514687704450588
357        0.5104178320127721
358        0.08319838811119025
359        0.1669797134508584
360        0.06927223734242814
361        0.3779103023289904
362        0.40552393935389447
363        0.35211019119787323
364        0.28767867848967815
365        0.07079257160298491
366        0.2820454334170321
367        0.08708883683882102
368        0.11714770242310626
369        0.27356586301357255
370        0.15008246263679106
371        0.15415482582165652
372        0.26988163928794273
373        0.1107540325227738
374        0.24269936507822512
375        0.09082259916269449
376        0.4648330635786488
377        0.09056671809305925
378        0.13324747355471311
379        0.28843806372267033
380        0.05882497013945002
381        0.8085114059326206
382        0.0527692898057281
383        13.507812326957447
384        0.04989871430676226
385        9.973442831293871
386        1.1267899809043533
387        0.35908780115870303
388        0.08495910883358242
389        0.09823659156262732
390        0.247898047451737
391        0.1275168298450843
392        0.06764867588422667
393        0.4366530658123198
394        0.11517567932277709
395        0.12486610874661005
396        0.1444988220629715
397        0.12330433057348472
398        0.12871853229839933
399        0.13210707356605564
400        0.22381220610377797
401        0.07117085935863926
402        0.38970570777976293
403        0.3903847947881466
404        0.14140201938932764
405        0.061637486647272456
406        0.23536730065025457
407        0.09622830081811336
408        0.07392079125582601
409        0.31505996942257086
410        0.0818825892523499
411        0.0874755106708379
412        0.15298492792161053
413        0.15632188285234
414        0.06627077268941835
415        0.13346399732972264
416        0.12224155889154263
417        0.1271533530603806
418        0.06644473255857086
419        0.33527951218108865
420        0.10581556597361226
421        0.1257718929892392
422        0.2962972925382119
423        0.3015003385032792
424        0.32208803125403807
425        0.0717428066753346
426        0.29116743886879
427        0.05444568730219125
428        0.3324432505822985
429        0.18850331152982058
430        0.15828761968700042
431        0.08965572484653335
432        0.09977506246821351
433        0.07127162343247634
434        0.2560039091510794
435        0.07817930975636261
436        0.08919103087011748
437        0.212931190022205
438        0.05386387256483635
439        0.5607218568084296
440        0.17328625179972199
441        0.2068135220714068
442        0.056806845496138
443        0.7318311629957582
444        0.06286533191779527
445        0.29328529687202476
446        0.05593689531362289
447        0.27432504211238096
448        0.07085316434560306
449        0.39587716035258136
450        0.1676302497881328
451        0.18002459806433313
452        0.11381948610960362
453        0.29531031845181105
454        0.049151085643113726
455        1.1292512473203549
456        0.26910949260349326
457        0.2063109849082495
458        0.11879002954743166
459        0.17670111643275413
460        0.296319403598103
461        0.08150720041832892
462        0.09404633157036468
463        0.19884596425527967
464        0.0788612825262564
465        0.27645895190217595
466        0.05231543562176057
467        0.5938406688542149
468        0.04458263883785756
469        9.372755820263453
470        1.5015331291941911
471        0.09622027988441569
472        0.18676543355621056
473        0.058549159342523714
474        0.4161799231192644
475        0.11578557076897539
476        0.1217469688414484
477        0.16136938884421814
478        0.08005410201076707
479        0.09211143240121661
480        0.0842885009538997
481        0.1972688471861418
482        0.11253388614809008
483        0.05722550348628453
484        0.16073464565223014
485        0.04758605782961446
486        0.4372067702548942
487        0.0578385478577382
488        0.1337180035953292
489        0.05416796394036869
490        0.20617763106477144
491        0.04785960959955489
492        0.3043998504260949
493        0.04320768315505883
494        2.4591150253071254
495        0.3803896233970694
496        0.04131088845781652
497        13.198284261648176
498        1.2725953610763359
499        0.06897366858199666
500        0.16160776389909956
501        0.055631182410996745
502        0.11278198400568343
503        0.15478975111322238
504        0.16883974581159875
505        0.065084450858788
506        0.09358857459036819
507        0.18491897480701036
508        0.052602112540435494
509        0.35977685700073947
510        0.19479873139501735
511        0.05434262807739359
512        0.19403910124392504
513        0.09427153145649755
514        0.16422826809736862
515        0.11197349420341439
516        0.15775101924353244
517        0.09425844252522553
518        0.23985855358510108
519        0.07150652239630317
520        0.0938420301227446
521        0.06525761955659024
522        0.07560520459431794
523        0.10244294865856901
524        0.06828163192435714
525        0.26340878215379976
526        0.04895063856916218
527        0.15042325570743428
528        0.10407316676536899
529        0.06212405026898293
530        0.22151397420706367
531        0.059378177062944716
532        0.11180331568851691
533        0.12148252349911787
534        0.05182403599653271
535        0.23817277781986854
536        0.18664740840498895
537        0.07945896484412802
538        0.23398198766099682
539        0.04706985713108388
540        0.1959761527341571
541        0.05651712664894757
542        0.2794000446507352
543        0.055729797504405675
544        0.22082794001751926
545        0.22828373688607115
546        0.09692585489288998
547        0.23646879374859966
548        0.2140376002774668
549        0.07454318957289484
550        0.0788518962024348
551        0.07931718018091839
552        0.0734294838804829
553        0.07077741900715767
554        0.1798329794304992
555        0.2454010181888076
556        0.07742029762700586
557        0.1529708188045137
558        0.04183513679796924
559        0.30503773910515214
560        0.048321349516780535
561        0.2610381814028827
562        0.1310008342776673
563        0.21649452094533872
564        0.11474822261080345
565        0.08834653286001933
566        0.08311645752993131
567        0.09652635931406792
568        0.11797421377476841
569        0.20565103008697472
570        0.13421374482756207
571        0.07090784308297754
572        0.08608495683012896
573        0.24973789321336468
574        0.04126910555080339
575        0.781648428071565
576        0.23406198238273832
577        0.042266631509973035
578        0.23443922178028537
579        0.03819103576411761
580        0.6031761384508321
581        0.4538766748883226
582        0.044078445518990386
583        0.2714211640854177
584        0.2974952610304056
585        0.138383534109983
586        0.1119556001239489
587        0.12034617751364103
588        0.0451782576451257
589        0.21054100071573273
590        0.2564315939826865
591        0.0669243666267212
592        0.10397127822781765
593        0.17959652631479922
594        0.1723168304106582
595        0.054048657918954496
596        0.10837979927314746
597        0.04517403345782863
598        0.4742826574015578
599        0.11482091761024842
600        0.1977718075174698
601        0.1999085847968602
602        0.26041068309636567
603        0.07307785248534306
604        0.16571676547353956
605        0.1081786683909276
606        0.057034819130346366
607        0.08074712008260529
608        0.22560161964728603
609        0.12470420243191997
610        0.14475875102827027
611        0.04608275990949827
612        0.3611079450887932
613        0.12443374351214934
614        0.1282014874292185
615        0.13526398932170758
616        0.16378047210680907
617        0.04374737357578623
618        0.3398553635618278
619        0.0612238259475874
620        0.2879252469532205
621        0.18952995745980317
622        0.04420579229131763
623        0.18441094247585577
624        0.21123990537429893
625        0.04539104599691225
626        0.16879519922207034
627        0.039933159249044343
628        0.24598739546762166
629        0.054752519356945965
630        0.22437365070240908
631        0.04543758261343416
632        0.42172980166724067
633        0.03508001280583057
634        2.8205640111572032
635        0.18291759914289485
636        0.03824137411154541
637        0.36211296074577953
638        0.3304412412599655
639        0.034103037961732106
640        3.6821409737965958
641        0.9099316426497359
642        0.10828595384038996
643        0.04051833322026548
644        0.14065665295578725
645        0.03963265000912177
646        0.30179270440670775
647        0.06302018166041136
648        0.08312928326853596
649        0.10970603669100676
650        0.06944582721619563
651        0.11810739674984849
652        0.06055341084143437
653        0.07215502342406602
654        0.214161858584119
655        0.13725450859186494
656        0.05199773533137653
657        0.09612150626665572
658        0.15257525289541296
659        0.18971502317842703
660        0.033904725192732306
661        0.6908138817855383
662        0.1044567210279682
663        0.12384571140840703
664        0.061216815918782364
665        0.10542899200302959
666        0.11403291621504728
667        0.17576775082635301
668        0.05475765259153619
669        0.07555560881463555
670        0.22313964898446798
671        0.15173126759161598
672        0.06538640981749566
673        0.06298377279215153
674        0.13113899047451485
675        0.039000683588630104
676        0.19516943130284145
677        0.11220044631857548
678        0.04741064120253155
679        0.16122124786748696
680        0.11771825340520971
681        0.10970996210646258
682        0.11809059888323882
683        0.13134422157649772
684        0.03575603373747788
685        0.23701083287009922
686        0.09582475818839283
687        0.11267668957075677
688        0.1922994733142732
689        0.0332287833314279
690        1.1841558686071514
691        0.8214959985973385
692        0.13403976917758215
693        0.11846767035808026
694        0.04523386494906752
695        0.17413498401059643
696        0.19517480036336565
697        0.06449096082807484
698        0.12258080772845889
699        0.04946473437936164
700        0.0815586837571194
701        0.08398436421936947
702        0.08472777952145166
703        0.054327139770767904
704        0.07514169411153435
705        0.16156566051191104
706        0.03846787250363208
707        0.2243703315243354
708        0.19227309797379868
709        0.04829888507226507
710        0.29224766739525687
711        0.08946229529457661
712        0.08697853321128951
713        0.09470934588623917
714        0.13585067302254078
715        0.05236253156626989
716        0.08063073675258617
717        0.13596898338877028
718        0.08501792312471594
719        0.04934188145907666
720        0.06654969177013811
721        0.052714033034389096
722        0.1694113180696324
723        0.1145424775078597
724        0.04162863035353744
725        0.13902642578845525
726        0.05259085266081563
727        0.2298985220073238
728        0.2278020873672966
729        0.19558423151979146
730        0.047894134269857364
731        0.10991078687525196
732        0.12206224709416828
733        0.03922947193283889
734        0.1504019237372989
735        0.03220999406232288
736        0.744249381617544
737        0.030033715520827578
738        10.158930604871092
739        1.068325920655893
740        0.027991530972194617
741        6.093859401713806
742        0.611834177069217
743        0.06753136147727964
744        0.03765875459257202
745        0.15443135366666724
746        0.19813555987041276
747        0.030353119810950024
748        0.15434758141266214
749        0.060090562053191826
750        0.08028227929363344
751        0.08965639193440575
752        0.04604080785054572
753        0.07306849449271327
754        0.059087851006756155
755        0.13648582644915028
756        0.10386012609050425
757        0.043547021893160454
758        0.07200729731571201
759        0.04985950381289917
760        0.06842212090224557
761        0.07963046034227528
762        0.03226395649254607
763        0.25030616297733793
764        0.033679515106209076
765        0.1139454219966958
766        0.03784455880141011
767        0.13171081454996705
768        0.06312845198972733
769        0.14165310997201463
770        0.032040395684759
771        0.13877983013855938
772        0.031094182198371217
773        0.25774395307144105
774        0.07549221981840332
775        0.03512601257411754
776        0.1898879567010925
777        0.06155734414280233
778        0.047313204234710526
779        0.12639156477551214
780        0.027428822533090626
781        0.4102433430810077
782        0.2668971167661176
783        0.030289134786570835
784        0.3668714240943906
785        0.2941022495588349
786        0.02609798877682443
787        1.3720816610882656
788        0.4851907179358907
789        0.027607676216648475
790        0.28044793592945555
791        0.029655846160141948
792        0.25044414410895277
793        0.02691254304994977
794        0.7897402820145508
795        0.027975861757009134
796        0.2193767172506551
797        0.20089841152482985
798        0.08291918218329931
799        0.10039954098625184
800        0.028814553294015624
801        0.27860782581912363
802        0.025113471355580237
803        1.8425384813746886
804        0.027861183195356222
805        0.2535814062896298
806        0.1847661089591476
807        0.032497100046632886
808        0.12244924817220097
809        0.045098763651524335
810        0.04063377228944781
811        0.10131754997773189
812        0.14473601853764445
813        0.03528692322071945
814        0.2004404386222437
815        0.12899145816322016
816        0.04907070347827909
817        0.038420214245216563
818        0.14386129306007442
819        0.02605535960343492
820        0.3377984071408198
821        0.08941559162498311
822        0.07389558921711317
823        0.14017538503438862
824        0.026436713516344978
825        0.15391918750874006
826        0.07298079933134635
827        0.03270668041025472
828        0.15211411528723698
829        0.17246768169109103
830        0.16884397686105967
831        0.05051702070908493
832        0.040078914935691684
833        0.05881997383433844
834        0.04482740930480565
835        0.06465146503755961
836        0.10248914337006704
837        0.15761889115082162
838        0.040351909226032975
839        0.09402149302406501
840        0.02681914894794312
841        0.4885668151056898
842        0.26372690419411043
843        0.053956940046374066
844        0.08619654787738938
845        0.049669805411284455
846        0.04137697878183058
847        0.041768797707207365
848        0.1589569487994232
849        0.03563656802866901
850        0.13664180906144074
851        0.15472704981682073
852        0.1119668133764418
853        0.025627419278664017
854        0.26250132574238183
855        0.04089019449980979
856        0.041343549858023666
857        0.05192312486198099
858        0.05387622470355581
859        0.037680658447021204
860        0.07292123323429942
861        0.09277754698678975
862        0.06710385251712328
863        0.02843696273815214
864        0.05554859851352098
865        0.06261082243380797
866        0.08040166794025733
867        0.07308694283041936
868        0.1181567742876226
869        0.061881861196514905
870        0.10618084010699705
871        0.06890784823074517
872        0.05663627576928513
873        0.07651385588149871
874        0.039261153646110075
875        0.15683821915078677
876        0.06004737318994013
877        0.035740975164054584
878        0.1949122728245743
879        0.022503239275252714
880        0.8281015550538484
881        0.3611571269636006
882        0.07911644836216178
883        0.07224967673714516
884        0.027085075281559005
885        0.17942033041608485
886        0.026963556428139107
887        0.2484678057074846
888        0.0214894784055721
889        0.7876746694110244
890        0.26467826299589675
891        0.024261512375332788
892        0.24403553326793376
893        0.020099243168804806
894        2.3846551299315326
895        0.03233540340127855
896        0.0420894988875409
897        0.10274170214537814
898        0.07255537461675489
899        0.01974388620281345
900        0.26622693985901785
901        0.0888648349039459
902        0.0454976427555971
903        0.04744736708408484
904        0.09961260787556984
905        0.02096709365955288
906        0.32748939764965884
907        0.14921038830116945
908        0.023305109224620625
909        0.15875386056325136
910        0.018385589200248305
911        0.4360992695337873
912        0.01813194500288982
913        0.7209544566158018
914        0.02644176622041048
915        0.09700819851437315
916        0.07596521813555943
917        0.04997990896872409
918        0.07677749328971951
919        0.04770460991445009
920        0.029943437704580737
921        0.07263797599376078
922        0.06786732369290006
923        0.11253911674200728
924        0.020890069358442082
925        0.07947557665607219
926        0.027941218937743074
927        0.14220147172021413
928        0.11621228232147579
929        0.01863434270439279
930        0.3062985370147811
931        0.09804846692226725
932        0.02034512616498336
933        0.07472153804164966
934        0.02350466003577022
935        0.1133464586615528
936        0.020158045231247406
937        0.1012260681105922
938        0.017569562027171404
939        0.29432058526374383
940        0.024521254766394544
941        0.046908232270579706
942        0.04520462412584193
943        0.09277602590870113
944        0.021945131109224515
945        0.057485677029647485
946        0.06917436811330349
947        0.02811767622373572
948        0.06799178569815373
949        0.10919852285619433
950        0.11077116745560893
951        0.016627445099290573
952        0.37946082709171114
953        0.221658694772846
954        0.1825624969432351
955        0.02161223847792912
956        0.061924731012704834
957        0.09883310591584138
958        0.026016425182953905
959        0.10619146624576689
960        0.03306714609409448
961        0.027614102361253744
962        0.038548557675998366
963        0.04799216070791864
964        0.029749001873431553
965        0.11397963640764266
966        0.03565696679800817
967        0.029178975109249983
968        0.07155109408434716
969        0.05238248104854191
970        0.023263523663134025
971        0.0616303763504257
972        0.024358797841975272
973        0.0353453826840546
974        0.050177011567401716
975        0.026511787019001004
976        0.10954833805850284
977        0.016058258213561098
978        1.1022704409136275
979        0.6568404784041633
980        0.04765977673194004
981        0.024293256140592558
982        0.10500815214054668
983        0.043682897004923366
984        0.07117001653147738
985        0.01806564433130166
986        0.07346505405953319
987        0.017260053342447994
988        0.33165573384332087
989        0.09040981373713655
990        0.08329518400485611
991        0.018063968966297726
992        0.14854239613644085
993        0.015002214360944125
994        1.3743370625925257
995        0.4156200739297631
996        0.0799160916710361
997        0.01754678077278475
998        0.09045699822510385
999        0.03436884364557202
1000        0.026342278603652926
1001        0.04215867466023329
1002        0.02422505259721645
1003        0.031664982316529804
1004        0.03983781254179751
1005        0.029224998326121222
1006        0.027590907228869827
1007        0.03001987286667869
1008        0.07070969925572033
1009        0.047390927359033996
1010        0.024136068180452722
1011        0.03743859676007721
1012        0.031465153650974444
1013        0.09340888637824125
1014        0.09459221426738028
1015        0.018115217510134823
1016        0.11998728132975618
1017        0.04145556129231314
1018        0.03356544393327827
1019        0.07441222966356792
1020        0.06741005915479788
1021        0.031689643288199176
1022        0.045843239382773356
1023        0.07398622783333919
1024        0.0661776260989914
1025        0.021802285252080347
1026        0.12508258763991342
1027        0.11310006644819968
1028        0.014061611526352782
1029        0.6859948846132864
1030        0.014670762783970892
1031        0.13745838106655123
1032        0.016801463789435915
1033        0.08332016886895482
1034        0.03512663143661887
1035        0.027618739497889587
1036        0.02170767860977335
1037        0.03707326144774256
1038        0.03741831255990021
1039        0.025024279137174872
1040        0.06060934785342687
1041        0.07528831870514027
1042        0.06369207058258834
1043        0.050766572707376945
1044        0.08157737105303146
1045        0.10089753158196017
1046        0.09654747035884746
1047        0.024058690439583592
1048        0.09534119533790245
1049        0.013381396194297193
1050        1.0052276650735446
1051        0.04866278133949889
1052        0.07873096166135599
1053        0.05089567764254294
1054        0.05240122807357987
1055        0.03480207563338051
1056        0.022257553194321898
1057        0.0797791334685943
1058        0.08514545913355567
1059        0.08731357585819949
1060        0.10017370690326627
1061        0.021157065835003454
1062        0.025968266033246586
1063        0.02849034148123769
1064        0.026599376913845937
1065        0.026444593535567624
1066        0.032426779915985124
1067        0.01929110353767378
1068        0.0685082025293139
1069        0.05466906691760448
1070        0.0846849018624471
1071        0.028413541032648947
1072        0.037047116106303145
1073        0.08211344999093528
1074        0.017022514483021806
1075        0.05341919497794394
1076        0.047255320083750774
1077        0.02718211011929829
1078        0.019746867459756078
1079        0.04217698879805694
1080        0.0612324703714284
1081        0.05012710453840206
1082        0.020133726955200864
1083        0.07591977390138976
1084        0.05466412446994922
1085        0.06586206629503963
1086        0.023160168889176748
1087        0.032772589094396655
1088        0.024070953432574173
1089        0.02339049358120329
1090        0.022830732424345752
1091        0.035084791631558684
1092        0.027250990491431645
1093        0.027169833053014188
1094        0.02844191968699701
1095        0.05082415146923733
1096        0.061358880403156166
1097        0.013206601017805323
1098        0.2159571391134413
1099        0.01211443466872061
1100        10.907396571761378
1101        6.662206062192236
1102        0.14441496486613722
1103        0.04572447769459167
1104        0.0290486965277502
1105        0.03643027237962887
1106        0.04344481280848547
1107        0.01318480782317593
1108        0.03535581407648036
1109        0.04537716908888082
1110        0.010590273151090297
1111        0.1403334645870262
1112        0.008798301474873595
1113        0.43168654034521
1114        0.25463828096961266
1115        0.06272677905214466
1116        0.028519487180400628
1117        0.04152911166209797
1118        0.03628009178848343
1119        0.03648699753516786
1120        0.04173035123403533
1121        0.008871673573911708
1122        0.29029115033630803
1123        0.021789736640390047
1124        0.011688731631380168
1125        0.06415646866599742
1126        0.008802995218196595
1127        0.34920731072783506
1128        0.024231996283605374
1129        0.011150512123909108
1130        0.08467012324589963
1131        0.008820982126586788
1132        0.23740692019311982
1133        0.008435304046669949
1134        0.1673490001465658
1135        0.041976489020480394
1136        0.03612806414479377
1137        0.00919687104594555
1138        0.09241942172290551
1139        0.021311599713493147
1140        0.025230669994682313
1141        0.01193440435907653
1142        0.06144701209333588
1143        0.021715655605443026
1144        0.03631287277039615
1145        0.04589756288627432
1146        0.011467527693167976
1147        0.06951652495454644
1148        0.029684394132116633
1149        0.04153342417120595
1150        0.021304810672459203
1151        0.02045866051596739
1152        0.013151721717909954
1153        0.06782433663191967
1154        0.01947194676256261
1155        0.025603485381553028
1156        0.021339927484713313
1157        0.014519132800022063
1158        0.018568815203171343
1159        0.02544454962928702
1160        0.009607592620683296
1161        0.10712981262014343
1162        0.007763475196702337
1163        0.5421475638737061
1164        0.007945454807100669
1165        0.18261842210863075
1166        0.06720358334370255
1167        0.03536698826004954
1168        0.051858865116159975
1169        0.012910495537940611
1170        0.021341004086347523
1171        0.025653135048954695
1172        0.014096514497324191
1173        0.040541402823626935
1174        0.008342237982499863
1175        0.06092547915637379
1176        0.0173955496150419
1177        0.020518122950881616
1178        0.025503833891650275
1179        0.03875839704743573
1180        0.016573794299441245
1181        0.04859078396144452
1182        0.007439325928612613
1183        0.19270098377026443
1184        0.007992725947243548
1185        0.09139266161065414
1186        0.047729229576582974
1187        0.017422092800396864
1188        0.04310143837889155
1189        0.03264235242705135
1190        0.012737413207609622
1191        0.013443083982594918
1192        0.020708650669314967
1193        0.012405594601983578
1194        0.024426659268865128
1195        0.029084504180964064
1196        0.024299296667458208
1197        0.009516492617450578
1198        0.056424229447856564
1199        0.007524920057299545
1200        0.14684329669746435
1201        0.03539441043713776
1202        0.04556739781496298
1203        0.0315960553890073
1204        0.010836829331978612
1205        0.039603153643980774
1206        0.013308361284736574
1207        0.03867488641019053
1208        0.01234404300062377
1209        0.015390266966294953
1210        0.04176801237577951
1211        0.05101110170952156
1212        0.030442586961926865
1213        0.010373841236983587
1214        0.052091189830859794
1215        0.006856569160600819
1216        0.8914326060882305
1217        0.5774271683485506
1218        0.010634118290566262
1219        0.031240869002144157
1220        0.006847521414215491
1221        0.23412143396696936
1222        0.013361254518777838
1223        0.010286829683796706
1224        0.022439110019327087
1225        0.014246198212215193
1226        0.010119703259750657
1227        0.020872487498249007
1228        0.020234221373409803
1229        0.013187323336305507
1230        0.009827846027941543
1231        0.029066364122289093
1232        0.024943308832752174
1233        0.011857241759515382
1234        0.014622431437294862
1235        0.0132056634716156
1236        0.03017843256521343
1237        0.014793861929785362
1238        0.036436995770118594
1239        0.007759462949278049
1240        0.03957357605047425
1241        0.016998667062265677
1242        0.01702225640043792
1243        0.03581026573177956
1244        0.006576139085678138
1245        0.25649223602784865
1246        0.006605282872613945
1247        0.06047373720466061
1248        0.05655369978859548
1249        0.017457238973951555
1250        0.007622911605511384
1251        0.03760009510570217
1252        0.022252753132696555
1253        0.011903826142308694
1254        0.010499415725803783
1255        0.020109609587777424
1256        0.034361862675332124
1257        0.007570109813239197
1258        0.024240417744535538
1259        0.02158710193289582
1260        0.0389924000498287
1261        0.04225561734646237
1262        0.031579315800718905
1263        0.012722947288949578
1264        0.013249410631262781
1265        0.016920697600486544
1266        0.019715153461149115
1267        0.006985130454487163
1268        0.03082698730004874
1269        0.027929207023260554
1270        0.034059303828206426
1271        0.03646651680407138
1272        0.034605849240483384
1273        0.04181215852637559
1274        0.039847686623720846
1275        0.04331098699071948
1276        0.015476859775231862
1277        0.009484953097149078
1278        0.016673342798901314
1279        0.014706119266598663
1280        0.03996191944833752
1281        0.009643723612537668
1282        0.02179300917951987
1283        0.00820750274955859
1284        0.03226547585542831
1285        0.027535726241054617
1286        0.024554225185016307
1287        0.00862987247986564
1288        0.03404313819655079
1289        0.006866066931971263
1290        0.0479207770222063
1291        0.00771852413581207
1292        0.026454218244322914
1293        0.006589910787303717
1294        0.042319193160414006
1295        0.02671501432188736
1296        0.008432123886968493
1297        0.053147620306072285
1298        0.009332087531625658
1299        0.03356720710975616
1300        0.018133790497438212
1301        0.01936954184039307
1302        0.030492994614055968
1303        0.00897616616753529
1304        0.03029836367398169
1305        0.02516250399520017
1306        0.033654545665100205
1307        0.016657263176803504
1308        0.021473683621955172
1309        0.010006125630211889
1310        0.010329404004933674
1311        0.012306330326214412
1312        0.014577870605745948
1313        0.029929156208888214
1314        0.024221635529050135
1315        0.01400804480552775
1316        0.015963702167483163
1317        0.016711963769931084
1318        0.015421185037134175
1319        0.008512288067783341
1320        0.019900856341440138
1321        0.006855626547732728
1322        0.07692011166311705
1323        0.0054868068927894234
1324        0.5905633231891407
1325        0.3643493896468399
1326        0.008985141057683695
1327        0.022280547433096494
1328        0.009208539691629151
1329        0.010284457932889617
1330        0.011215461044417055
1331        0.008588910334918343
1332        0.01745486998884512
1333        0.015347871715506254
1334        0.01372514071394946
1335        0.01651013683670221
1336        0.013284704351215992
1337        0.008128095353645722
1338        0.024323570242992008
1339        0.01671542807819004
1340        0.008840878761923347
1341        0.0235695346472002
1342        0.009827972605279473
1343        0.01964026292195458
1344        0.022473478155623623
1345        0.00579623400898382
1346        0.030026963608012283
1347        0.009064461658341337
1348        0.028170761236421035
1349        0.009990288306246991
1350        0.009673472469232294
1351        0.00910771548011048
1352        0.01444090632499454
1353        0.026567172157237
1354        0.03074642232373158
1355        0.028904412106203013
1356        0.011920395283828525
1357        0.014703296883254455
1358        0.024305850506515455
1359        0.005896582867927414
1360        0.05580304666546236
1361        0.01920995262883153
1362        0.00866529314180714
1363        0.040633288385841224
1364        0.007874511822757908
1365        0.014847531306155237
1366        0.02120642156718939
1367        0.014296568646347303
1368        0.009947295133746193
1369        0.030551486131684322
1370        0.014575385351716435
1371        0.025484915501214487
1372        0.030892998466418374
1373        0.02686227235605658
1374        0.015082636132153986
1375        0.005976507387178902
1376        0.06900810650903558
1377        0.019523889248054403
1378        0.007158559442521573
1379        0.026468204774780048
1380        0.013875717773936964
1381        0.03153793084674904
1382        0.025932944060850473
1383        0.019361209733259405
1384        0.007968055378740999
1385        0.010901697981255965
1386        0.015302643131210757
1387        0.007581945567162964
1388        0.011402108609423131
1389        0.009971789012495184
1390        0.014598472459291223
1391        0.007460389545910209
1392        0.015932813393819835
1393        0.024187888037179785
1394        0.0056759148933538395
1395        0.05776068337423371
1396        0.008958038262719832
1397        0.03479132385281034
1398        0.016665303410992878
1399        0.014261498711898366
1400        0.024198603201750896
1401        0.01166095602942949
1402        0.013794743319833382
1403        0.009573826240023453
1404        0.027772177224346755
1405        0.005041483591945256
1406        0.09784861585873182
1407        0.004633603600332973
1408        0.2947261798232361
1409        0.004394736828112346
1410        0.14125091716933166
1411        0.02410508411337453
1412        0.02006026565444254
1413        0.004642877104302152
1414        0.03254513130386808
1415        0.011843941256786374
1416        0.008905846812649807
1417        0.008829894109641174
1418        0.009039834799102708
1419        0.0059666876932729885
1420        0.018304247239724753
1421        0.005924617887346925
1422        0.022295971788950392
1423        0.016662503789750715
1424        0.019487002276872313
1425        0.004630330557133457
1426        0.023934086817143967
1427        0.013017167335797506
1428        0.024059029153293277
1429        0.009412171480995896
1430        0.009887059801746608
1431        0.007394704829686533
1432        0.007693875320108708
1433        0.017404242955909702
1434        0.024661222483146405
1435        0.008907734287306126
1436        0.009133289819914736
1437        0.01639316493586451
1438        0.005712436932952588
1439        0.01521493276283722
1440        0.005077390868923483
1441        0.027231380946197287
1442        0.023309453459766972
1443        0.008563799754744632
1444        0.008013519749495934
1445        0.006176333850916979
1446        0.018138290091037245
1447        0.005301699144296704
1448        0.012023448968516431
1449        0.007280500713715358
1450        0.006795728252644228
1451        0.008006716030953752
1452        0.027882616206895573
1453        0.013034434809487976
1454        0.009079645195849737
1455        0.011155821199919435
1456        0.013888093081103404
1457        0.00867063744411849
1458        0.005466493238847084
1459        0.0146078332586212
1460        0.011639142821213845
1461        0.005409093544255954
1462        0.021465005694613813
1463        0.013517777716611504
1464        0.011539506209009105
1465        0.017782206123078823
1466        0.0059151457685715295
1467        0.015657932005257818
1468        0.005868093798551304
1469        0.015806738690429097
1470        0.010212165511781739
1471        0.010504092968427428
1472        0.015272099634598994
1473        0.008645578777323994
1474        0.007257504130085114
1475        0.0063046922136964206
1476        0.010773385770418777
1477        0.010964949403242764
1478        0.006184953977499302
1479        0.02113069922203309
1480        0.024245538801972506
1481        0.003710450743465132
1482        0.025403788715297266
1483        0.009405516366134134
1484        0.016109655188485904
1485        0.01499026702976094
1486        0.00874408673287559
1487        0.009932552910723511
1488        0.010449617675686815
1489        0.007581888941227522
1490        0.012470374922326413
1491        0.0054584206067787985
1492        0.013393085578833433
1493        0.0057758913207243655
1494        0.010535730866698467
1495        0.005296728445283128
1496        0.011870992309501697
1497        0.008143992434436998
1498        0.01241758772333024
1499        0.018414267650262633
1500        0.01904772190364978
1501        0.005372037761885352
1502        0.014890816537905126
1503        0.010332775555192535
1504        0.010114647083002056
1505        0.011534992682874433
1506        0.006389938217766024
1507        0.006424357139399423
1508        0.012810292831586445
1509        0.0067229333633341565
1510        0.006084924094044225
1511        0.024385091975283824
1512        0.0051658554030574455
1513        0.02082410418264942
1514        0.0246508549243566
1515        0.026031148081530883
1516        0.022966634529633462
1517        0.0035380377792763695
1518        0.12658504272331872
1519        0.003878725088375514
1520        0.03044317953368335
1521        0.012837027687456037
1522        0.011080860567370735
1523        0.007233360671918488
1524        0.02135390929256134
1525        0.009723857613182712
1526        0.006015399691461931
1527        0.009047201987629656
1528        0.0056261897680910476
1529        0.017374682599338838
1530        0.017087907094418087
1531        0.011450316242092128
1532        0.008951004658529946
1533        0.012416088443343971
1534        0.009974247935817453
1535        0.018658550194172233
1536        0.004606688943713325
1537        0.016502467679716512
1538        0.01936511556062
1539        0.02473421376647147
1540        0.010197115708486255
1541        0.021300463076538538
1542        0.003618253871344695
1543        0.028218442707869835
1544        0.0032431775993979864
1545        1.8473777177265898
1546        0.4799967021721829
1547        0.29867788745404555
1548        0.0038639557385583357
1549        0.01748351738861967
1550        0.008139130746504167
1551        0.00791373432693122
1552        0.006004630660725792
1553        0.005195961364432636
1554        0.004220226378925847
1555        0.017185882420782943
1556        0.00957553416418596
1557        0.00759173843192139
1558        0.005655934263233893
1559        0.0038593580943823147
1560        0.00832812948482699
1561        0.0032460492808252268
1562        0.023847561361607487
1563        0.006512493831565361
1564        0.003714230789724935
1565        0.006730283095009623
1566        0.0072334788660375696
1567        0.007932979317342954
1568        0.008855355098034805
1569        0.00789312628497432
1570        0.015024069529508053
1571        0.00282425555198487
1572        0.021295549766633604
1573        0.011979299585998656
1574        0.005138020088402926
1575        0.012623399346245326
1576        0.005074503776282452
1577        0.012311609974779283
1578        0.0034822391543506627
1579        0.015511291202882103
1580        0.003302687195938268
1581        0.022335695929926888
1582        0.0024573667102245843
1583        0.20668594949249164
1584        0.0029479012948977605
1585        0.01764429135981179
1586        0.016237693789537253
1587        0.0023118321099114374
1588        0.17208351439686478
1589        0.012101707280183895
1590        0.009936557113599233
1591        0.005508403539749729
1592        0.0060973276433743595
1593        0.00400445094917963
1594        0.015050700281739441
1595        0.011681923621981895
1596        0.006001138833032582
1597        0.006517108398576794
1598        0.003480348367572876
1599        0.011506560270467382
1600        0.0024657936289015424
1601        0.01758119875057541
1602        0.011402781149617252
1603        0.008800378032365145
1604        0.010448053529555659
1605        0.0037668353276845675
1606        0.016347690833678596
1607        0.002785018055442075
1608        0.01543033703469291
1609        0.011804799107119023
1610        0.002313102211471717
1611        0.050029367225573704
1612        0.003891299474275328
1613        0.005326853796548928
1614        0.004342085058081525
1615        0.01386259856239099
1616        0.0042010853863268345
1617        0.004030254148073627
1618        0.006210703854642319
1619        0.006084996558668795
1620        0.01244939466097866
1621        0.002659094510670643
1622        0.020263665880292468
1623        0.007386792326383092
1624        0.00240612711549704
1625        0.025099560760549797
1626        0.002044102675005027
1627        0.4413437166861243
1628        0.008714359196607683
1629        0.00586237954092606
1630        0.0023490347287338587
1631        0.015223407542141867
1632        0.004127456278836147
1633        0.0038335477853642663
1634        0.0035942128616330837
1635        0.01103682197851012
1636        0.0058126542478382105
1637        0.0035292715765411664
1638        0.00932015132993563
1639        0.0038593333808122593
1640        0.009811817699308004
1641        0.00204471558446341
1642        0.02100570308355185
1643        0.010008885515611778
1644        0.0035140710552223732
1645        0.0066865007967668415
1646        0.007263941264996139
1647        0.0021386010744979915
1648        0.02801634367427208
1649        0.003646098358515364
1650        0.0032197661652783103
1651        0.007439750651963203
1652        0.002714461199076897
1653        0.006989390610994802
1654        0.006004208062410958
1655        0.002129444922365012
1656        0.01352479935652212
1657        0.00384846331048121
1658        0.006376133045017637
1659        0.0023837227342792034
1660        0.010530304633975519
1661        0.008025889272753502
1662        0.00304729241319099
1663        0.014265840697134343
1664        0.0017167061977794809
1665        0.18125683786536526
1666        0.013519145520578913
1667        0.007657256441711408
1668        0.0021415666109346073
1669        0.010138862651117653
1670        0.005541626453066112
1671        0.0023193697417744977
1672        0.008965425167159976
1673        0.00195176866928813
1674        0.006917529770146454
1675        0.0034455397831074943
1676        0.007856364492133791
1677        0.006284456708677956
1678        0.004422263111300315
1679        0.006294846116538695
1680        0.005348631373359879
1681        0.00947470387064665
1682        0.01094085917952027
1683        0.0017538659676736251
1684        0.011821910451316898
1685        0.007014728370438786
1686        0.0024513861474176743
1687        0.0037152263251812876
1688        0.003575141296694588
1689        0.004086332835649369
1690        0.005139334893363383
1691        0.00277867606179217
1692        0.005570673193764839
1693        0.004837189457529211
1694        0.0030697015409768317
1695        0.01166948913402989
1696        0.009156354676748878
1697        0.0029513910743576184
1698        0.008238660016440658
1699        0.009896276154199093
1700        0.009832514861993331
1701        0.0048368404655447315
1702        0.002183710002395796
1703        0.015493259258873144
1704        0.014390690248043639
1705        0.0018322786584771748
1706        0.008490784032669889
1707        0.002987255764884337
1708        0.008604032441409202
1709        0.005777724039627992
1710        0.005420926276421313
1711        0.009636556158636267
1712        0.0045109695767091
1713        0.0036532947807324167
1714        0.007979504993418667
1715        0.0023353859049934102
1716        0.008845237096508125
1717        0.006191653204283555
1718        0.0036253219144197955
1719        0.003087942079858263
1720        0.005676608349831061
1721        0.0016711904573164832
1722        0.011879910222503605
1723        0.009896234130697717
1724        0.008072649642210189
1725        0.0026287764835320384
1726        0.009603039655829105
1727        0.0017386904812303297
1728        0.01039130919180574
1729        0.0019350116363972656
1730        0.0050986540951268935
1731        0.0018728412861617662
1732        0.00631972720088006
1733        0.0021282922823695222
1734        0.008446414063534026
1735        0.002920472178343311
1736        0.00873472309808185
1737        0.006389756418624019
1738        0.00983233032631215
1739        0.005203763179521573
1740        0.006410718287523794
1741        0.005650312775742829
1742        0.002054681901233699
1743        0.012663496235014084
1744        0.0035929373388239837
1745        0.0034840298029091468
1746        0.0027152858455289624
1747        0.003361544573106349
1748        0.0056006708508697664
1749        0.0035671701827404184
1750        0.00896476411201532
1751        0.0016279599806159764
1752        0.02240904793820688
1753        0.012275974517505669
1754        0.010714231545763037
1755        0.008615472608126283
1756        0.002152612115709533
1757        0.012225717379481141
1758        0.00282403242432175
1759        0.005366305002410567
1760        0.0017393731741451172
1761        0.00750969887368456
1762        0.0038876067669378323
1763        0.0036326921862915988
1764        0.005068267888723001
1765        0.0015706043398551967
1766        0.01767871630447877
1767        0.005952118746849419
1768        0.004149091864338446
1769        0.008457175804066328
1770        0.004268227450457251
1771        0.0020254747380598166
1772        0.003200868442676151
1773        0.0025338406803154913
1774        0.002751492551277991
1775        0.00260743063311721
1776        0.00921807771753607
1777        0.008962285504952693
1778        0.006311788686080115
1779        0.004842744024040018
1780        0.008770522670762879
1781        0.0017516921577315115
1782        0.01198605100511728
1783        0.0017167112786449117
1784        0.017842635708465622
1785        0.005931796059458255
1786        0.0033460946718800286
1787        0.0020657202365664895
1788        0.008389468197972184
1789        0.002811011335358573
1790        0.005486371339117798
1791        0.001795785167668649
1792        0.004761465909102032
1793        0.002130919292199309
1794        0.007497853173320794
1795        0.006973980235264239
1796        0.0082216853561447
1797        0.0013429504574436536
1798        0.023327158159589974
1799        0.0012854073209042844
1800        0.11987042485363938
1801        0.037278423305056166
1802        0.0021058924404835505
1803        0.004119746504512568
1804        0.0017105661968525488
1805        0.005732643961411327
1806        0.008172406091676422
1807        0.0028638161812252496
1808        0.006050099918777165
1809        0.004511879813980574
1810        0.004814426334108645
1811        0.002731668064203475
1812        0.0023239478692050853
1813        0.003078559823695703
1814        0.0032930164567305884
1815        0.002476662885637677
1816        0.00460698526979366
1817        0.001975042727537866
1818        0.004376778059837803
1819        0.0038585607804922897
1820        0.002674174894535771
1821        0.0021305012808480587
1822        0.007614871677134965
1823        0.0023050132290500106
1824        0.0019959714020807632
1825        0.0030898585606874097
1826        0.002498738791702595
1827        0.0027675528238606376
1828        0.0018288965237067381
1829        0.008939950477256143
1830        0.007565349211460028
1831        0.002374614989393073
1832        0.007818204700569802
1833        0.008771358760918425
1834        0.006790219461297369
1835        0.00513880381231674
1836        0.0013918665504197294
1837        0.008693199269480353
1838        0.0011546829228290525
1839        0.05151443054263524
1840        0.010498098388876791
1841        0.00976994662455058
1842        0.00612191867319237
1843        0.0012411800779219377
1844        0.013625105778238342
1845        0.002083047398930718
1846        0.004731726617579015
1847        0.0014647753845955366
1848        0.007767370309582752
1849        0.002449034360741195
1850        0.006782933192240168
1851        0.006438877951409176
1852        0.0026341690664628504
1853        0.0027701325524746943
1854        0.0032570258232794843
1855        0.0024752072322897735
1856        0.0023775672712137074
1857        0.0076459018680019334
1858        0.0011489530347880109
1859        0.012638079908783354
1860        0.0010512171228135485
1861        0.8207236730761729
1862        0.013079347366573863
1863        0.0008637945875949236
1864        0.0007167452948447906
1865        0.0008304288066251992
1866        0.0010596085344430825
1867        0.0013032664969576855
1868        0.00200927608248287
1869        0.0017458051251480907
1870        0.0015579305681646374
1871        0.0016099537978947675
1872        0.0008578956879856538
1873        0.0008323877818212095
1874        0.0018725332034244863
1875        0.0005813994123467306
1876        0.0034425583820446148
1877        0.000982713716572878
1878        0.001121885972688777
1879        0.0009647622914004585
1880        0.001001690057679467
1881        0.0007355076774497034
1882        0.0007982840886651119
1883        0.0019764326432043546
1884        0.0005506056636861117
1885        0.004728168318130471
1886        0.0026739684146329197
1887        0.0019190910566461237
1888        0.0012615530585789183
1889        0.0006200633464541281
1890        0.0032335379479066857
1891        0.001231011720024822
1892        0.0022075264408732455
1893        0.0007143612137384691
1894        0.003103063457831491
1895        0.000408183160965663
1896        0.029365890203917628
1897        0.00041751650418898754
1898        0.004094703301153338
1899        0.0030865522463073792
1900        0.0025591038902025957
1901        0.0026017600219894895
1902        0.00038951319406127575
1903        0.013352143670326201
1904        0.004405663984835346
1905        0.00037429883423994905
1906        0.018509034719590544
1907        0.005845457556693514
1908        0.000531197975513219
1909        0.0015968633706285322
1910        0.001017147945577371
1911        0.0007749943957433249
1912        0.0009322185954962008
1913        0.0008109588928729399
1914        0.0006513970943144181
1915        0.0020450983809976214
1916        0.0003843726009828371
1917        0.011275344754758849
1918        0.0006354748180718233
1919        0.0006560277771870893
1920        0.0007140541749941291
1921        0.0023059149597501253
1922        0.002162852793857802
1923        0.00039577923767824706
1924        0.002360529624366596
1925        0.0007194404534900382
1926        0.0007359998044324245
1927        0.0020347450449497307
1928        0.0007074847579501872
1929        0.0016764411856997612
1930        0.001231722945960391
1931        0.0019322791751261467
1932        0.0015327076220360103
1933        0.0005193629661012252
1934        0.001241382062955133
1935        0.0020228424546936954
1936        0.001840904999199576
1937        0.001018644993634787
1938        0.0010281241783538886
1939        0.0021815220513837523
1940        0.0006894078937200977
1941        0.0005540740039134242
1942        0.0007829916144539417
1943        0.000841992669613484
1944        0.0007013407605644441
1945        0.0011014698357267603
1946        0.0016145935925282466
1947        0.0015032207133083347
1948        0.000863847537488748
1949        0.0006723619145246418
1950        0.0010092712704317774
1951        0.0009666565615258068
1952        0.0015772773250574052
1953        0.0006615924194570215
1954        0.0005457990398201652
1955        0.0007414333552170085
1956        0.0017827876312927946
1957        0.001440402262272457
1958        0.0013524963793688628
1959        0.0007245740751947283
1960        0.0010138645825281142
1961        0.0006251297547860382
1962        0.001117301860952711
1963        0.0006259971730494605
1964        0.0023924695907719226
1965        0.001465705573887076
1966        0.001755789478146311
1967        0.0005620993040445496
1968        0.0006830469085192137
1969        0.0006773016222655651
1970        0.002301158934811859
1971        0.0022936562684808424
1972        0.0006320477236685981
1973        0.0008823674902824001
1974        0.0015126174333822398
1975        0.0011651636554574115
1976        0.0015954374975364258
1977        0.0022048103431559344
1978        0.0010422414463649226
1979        0.00046524622159525874
1980        0.0032842969143670325
1981        0.0003746770192464592
1982        0.003060844157714099
1983        0.0015733764369224817
1984        0.0015546848380011953
1985        0.0007824803001774685
1986        0.0007196104875633997
1987        0.0012691900839579022
1988        0.0009924621115770128
1989        0.0008980802793216344
1990        0.000435890560707001
1991        0.001868002217395226
1992        0.0016564350052836825
1993        0.0009950675486939259
1994        0.0016954115787957765
1995        0.0007052484613660449
1996        0.0005591910910479637
1997        0.0011745073613643076
1998        0.00034698866641956537
1999        0.0037902445810691944
2000        0.002924952030099278
2001        0.0008817740535717555
2002        0.00039109344981506976
2003        0.0019712784571629884
2004        0.0006910317012165407
2005        0.0013675181204071444
2006        0.001023024972012628
2007        0.0006873027282167518
2008        0.0009342604087228129
2009        0.0014172425098376773
2010        0.0005124954814714492
2011        0.0011029244582540477
2012        0.0003668245928603092
2013        0.0030693600601943106
2014        0.00031126481957265346
2015        0.011682239788802454
2016        0.0003117898490997024
2017        0.003067707735425978
2018        0.0018850323328557467
2019        0.0002938280247596108
2020        0.013563591177948878
2021        0.007602835328019054
2022        0.000895572215673038
2023        0.001051007189322677
2024        0.00035277232493460375
2025        0.00185131103489832
2026        0.00039851088713432995
2027        0.0008404550375614474
2028        0.0005131723884013329
2029        0.0011504942407783846
2030        0.0008288579606769139
2031        0.0015003117911481833
2032        0.001417973591990271
2033        0.0011327461346887222
2034        0.0008663126331939452
2035        0.000856306898024296
2036        0.0005674702451199295
2037        0.00109969931925108
2038        0.0010738181611961775
2039        0.0005932402106968186
2040        0.00046164401163013814
2041        0.0017402282518878425
2042        0.00034345673932272035
2043        0.002443276652140787
2044        0.000994287994103326
2045        0.00030817631071988104
2046        0.005085886535063857
2047        0.0007579398868659633
2048        0.0007518400542067625
2049        0.0003534997464180935
2050        0.0019952933005365006
2051        0.0006719002776559325
2052        0.0006174341236145594
2053        0.0005479815164934647
2054        0.0013319646491655476
2055        0.0004133771605552803
2056        0.0005923887879959566
2057        0.0003985850119500334
2058        0.0013274122364265912
2059        0.0005242634632757917
2060        0.0018322380398681029
2061        0.001858800351037943
2062        0.0007200932314117585
2063        0.0006742218011005034
2064        0.0005229045685725423
2065        0.0006006362380040669
2066        0.00104906010823838
2067        0.0007334073373838643
2068        0.0012735712286991389
2069        0.0003646016213563007
2070        0.0020259844337964473
2071        0.0010234093621343259
2072        0.0009687675720319745
2073        0.0009951909123560114
2074        0.00032843871882098696
2075        0.002457137092684124
2076        0.0013549594289929655
2077        0.0002841747354200412
2078        0.0022939946780771315
2079        0.0019320701973284565
2080        0.00047199551655823706
2081        0.000792397283796598
2082        0.0010636860055860359
2083        0.0008756675107356909
2084        0.00029578492472773444
2085        0.001730489380065896
2086        0.0003265613388457396
2087        0.0024697615908244033
2088        0.0011293305131415024
2089        0.0003348993146223275
2090        0.0027161854900075192
2091        0.0009432531903557323
2092        0.00043153800952885435
2093        0.000522340320813137
2094        0.0013666321787687992
2095        0.0012764297595293664
2096        0.0004491680850670065
2097        0.0008055692583521375
2098        0.00041831997408223296
2099        0.001837616050656475
2100        0.001763946837390958
2101        0.0006096058148246685
2102        0.0006443957844831462
2103        0.0007602953965343438
2104        0.0010617661261406695
2105        0.0010736332209330224
2106        0.0006835538430741188
2107        0.0012749417305237677
2108        0.0007124902742272681
2109        0.0010231198698967073
2110        0.00037095334333746863
2111        0.0010592947004881604
2112        0.0002932674561764007
2113        0.002845794097034954
2114        0.001016365539400802
2115        0.0007760600019279236
2116        0.001238610653670819
2117        0.001261013120081272
2118        0.00028957849980141393
2119        0.0010681908049961467
2120        0.0004975140997213899
2121        0.00035304829293654873
2122        0.0005999203487752996
2123        0.00032482536360722516
2124        0.0008695878345920105
2125        0.0006625646805666184
2126        0.00038845023402298777
2127        0.00046597047801967496
2128        0.0003682544087799404
2129        0.000499951371346072
2130        0.0009382043554530262
2131        0.0010201010483302019
2132        0.0007722134455080779
2133        0.0008925078829304877
2134        0.0002606710531833867
2135        0.004846943752755616
2136        0.00022300373964986945
2137        0.014472209261103338
2138        0.00040600867176519335
2139        0.0004190321911925724
2140        0.0007179909576482465
2141        0.0003103025534605629
2142        0.0010639195942469203
2143        0.0003471443199648895
2144        0.001131497106793806
2145        0.0004622076016659137
2146        0.0006261161533093271
2147        0.0008592543250460598
2148        0.0002735368399075158
2149        0.002459283867439866
2150        0.00022704517520519325
2151        0.001592006905245853
2152        0.0007289350681599493
2153        0.001323561993970581
2154        0.00041552504542096455
2155        0.0005318927064482334
2156        0.00040452799833289965
2157        0.000362649914003808
2158        0.0010231675532325567
2159        0.0005176821289233713
2160        0.0010037818674914884
2161        0.0006625059624307151
2162        0.0008421989838247369
2163        0.0002782565212643402
2164        0.000704762299127022
2165        0.0012641403621163922
2166        0.0008155269560236999
2167        0.0007772957777491061
2168        0.0007837098521980793
2169        0.0003191947580927475
2170        0.000688129649443786
2171        0.00035863556550883426
2172        0.001537279980058178
2173        0.00023329114328274797
2174        0.0016853102190800035
2175        0.0017200917577079376
2176        0.00036359481682987676
2177        0.0015287259154113286
2178        0.0011056480142637962
2179        0.00029708204884877176
2180        0.0015900359054456556
2181        0.0010809084157878033
2182        0.0002537919623021705
2183        0.0007027544944404724
2184        0.00023639851097977132
2185        0.001240957330796624
2186        0.00020060806595538535
2187        0.007994060498620696
2188        0.00019543457964364377
2189        0.005876453413527197
2190        0.00020313364310212248
2191        0.002450236577234215
2192        0.0009714408199553554
2193        0.001156181108755192
2194        0.00022261795875553778
2195        0.0008196686023856872
2196        0.0007579379364912075
2197        0.0002713489880952728
2198        0.0012493714476749067
2199        0.000548833552022958
2200        0.0003478131196498159
2201        0.00044934756509926643
2202        0.0003358407734899957
2203        0.0003117030546323402
2204        0.0006624866120430693
2205        0.00034778370658569984
2206        0.0010777275926978484
2207        0.00026530175370936316
2208        0.0006573051725364964
2209        0.00024119507270594677
2210        0.0005211836909991015
2211        0.0007539759404630215
2212        0.0009087241797643695
2213        0.00018826372224820347
2214        0.002848025514521705
2215        0.0003445094157561845
2216        0.001139940198300968
2217        0.0007370126669781822
2218        0.00018911214219570341
2219        0.0015117783830798503
2220        0.0004720980362392908
2221        0.0004846807659682192
2222        0.0002846227500462662
2223        0.0009741768293254445
2224        0.0009195385598467833
2225        0.0002756990284062159
2226        0.0011033479409961477
2227        0.0008264310935239406
2228        0.0004018195389457899
2229        0.0008053415566575694
2230        0.00018943943542897747
2231        0.0012277778752879044
2232        0.0007475038367709933
2233        0.0006764192498946845
2234        0.00030808716606771353
2235        0.0007078588458188186
2236        0.0005498945595577904
2237        0.00032528298135541694
2238        0.0008010777976169763
2239        0.001098975058982924
2240        0.0007337565899159918
2241        0.00018857092058928687
2242        0.002782944634800059
2243        0.00018930361881510925
2244        0.0009566353409098901
2245        0.00018361209585083285
2246        0.003150572306983615
2247        0.00015910355411101636
2248        0.08060054320323662
2249        0.02002219669944244
2250        0.00011285656209526824
2251        0.017020856615064722
2252        0.00020588922539775524
2253        0.0007606883358874571
2254        0.000697909834946521
2255        0.00022741486568527314
2256        0.0004120684676770705
2257        0.00011844960672949755
2258        0.0009349238437166229
